
CookedValue
-----------
      12.86
          0
          0
  184823808
    2007040
    1077248
10498854912
 4345901056
 4344852480
      16.21
          0
          0
  181735424
    2007040
    1077248
10497064960
 4345901056
 4344852480
      21.05
          0
          0
  181698560
    2007040
    1077248
10501103616
 4345901056
 4344852480
       7.80
          0
          0
  182603776
    2007040
    1077248
10500055040
 4345901056
 4344852480
      12.87
          0
          0
  182530048
    2007040
    1077248
10501517312
 4345901056
 4344852480
      18.32
          0
          0
  182530048
    2007040
    1077248
10501517312
 4345901056
 4344852480
      15.58
          0
          0
  182530048
    2007040
    1077248
10501517312
 4345901056
 4344852480
      13.64
          0
          0
  182456320
    2007040
    1077248
10499420160
 4345901056
 4344852480
      19.88
          0
          0
  182456320
    2007040
    1077248
10499420160
 4345901056
 4344852480
       7.40
          0
          0
  182456320
    2007040
    1077248
10499420160
 4345901056
 4344852480
      15.59
          0
          0
  182456320
    2007040
    1077248
10499420160
 4345901056
 4344852480
      45.98
          0
          0
  183975936
    2007040
    1077248
10688233472
 4345901056
 4344852480
      25.36
          0
          0
  185430016
    2007040
    1077248
11423809536
 4345901056
 4344852480
      32.96
          0
          0
  186970112
    2007040
    1077248
12144181248
 4345901056
 4344852480
      29.59
          0
          0
  188112896
    2007040
    1077248
12663226368
 4345901056
 4344852480
      34.26
          0
          0
  189620224
    2007040
    1077248
13414199296
 4345901056
 4344852480
      30.36
          0
          0
  188792832
    2007040
    1077248
13428879360
 4345901056
 4344852480
      32.35
          0
          0
  189161472
    2007040
    1077248
13439365120
 4345901056
 4344852480
      62.66
          0
          0
  189378560
    2007040
    1077248
13439365120
 4345901056
 4344852480
      84.87
          0
          0
  188518400
    2007040
    1077248
13439365120
 4345901056
 4344852480
      72.80
          0
          0
  190283776
    2007040
    1077248
13439365120
 4345901056
 4344852480
      75.95
          0
          0
  190287872
    2007040
    1077248
13439365120
 4345901056
 4344852480
      72.34
          0
          0
  190287872
    2007040
    1077248
13439365120
 4345901056
 4344852480
      73.82
          0
          0
  190308352
    2007040
    1077248
13439365120
 4345901056
 4344852480
      17.53
          0
          0
  190308352
    2007040
    1077248
13439365120
 4345901056
 4344852480
      13.18
          0
          0
  190308352
    2007040
    1077248
13439365120
 4345901056
 4344852480
      14.81
          0
          0
  190308352
    2007040
    1077248
13439365120
 4345901056
 4344852480
      16.18
          0
          0
  190308352
    2007040
    1077248
13439365120
 4345901056
 4344852480
      17.93
          0
          0
  194768896
    2007040
    1077248
13439365120
 4345901056
 4344852480
      18.32
          0
          0
