
CookedValue
-----------
       8.58
          0
          0
  176099328
    1998848
    1073152
10258456576
 4345901056
 4344852480
       6.62
          0
          0
  176099328
    1998848
    1073152
10258456576
 4345901056
 4344852480
      11.27
          0
          0
  176103424
    1998848
    1073152
10258456576
 4345901056
 4344852480
       5.85
          0
          0
  176103424
    1998848
    1073152
10258456576
 4345901056
 4344852480
       8.56
          0
          0
  176103424
    1998848
    1073152
10258456576
 4345901056
 4344852480
      16.37
          0
          0
  176103424
    1998848
    1073152
10258456576
 4345901056
 4344852480
       3.89
          0
          0
  176103424
    1998848
    1073152
10258456576
 4345901056
 4344852480
      10.51
          0
          0
  176103424
    1998848
    1073152
10258456576
 4345901056
 4344852480
       4.28
          0
          0
  176103424
    1998848
    1073152
10258456576
 4345901056
 4344852480
      10.51
          0
          0
  176103424
    1998848
    1073152
10258456576
 4345901056
 4344852480
      12.08
          0
          0
  176103424
    1998848
    1073152
10258456576
 4345901056
 4344852480
      12.08
          0
          0
  176103424
    1998848
    1073152
10258456576
 4345901056
 4344852480
       5.44
          0
          0
  176103424
    1998848
    1073152
10258456576
 4345901056
 4344852480
       7.02
          0
          0
  180736000
    1998848
    1073152
10258456576
 4345901056
 4344852480
       1.17
          0
          0
  176103424
    1998848
    1073152
10258456576
 4345901056
 4344852480
      12.07
          0
          0
  176103424
    1998848
    1073152
10258456576
 4345901056
 4344852480
       7.39
          0
          0
  176103424
    1998848
    1073152
10258456576
 4345901056
 4344852480
       9.34
          0
          0
  176103424
    1998848
    1073152
10258456576
 4345901056
 4344852480
       8.95
          0
          0
  177422336
    1998848
    1073152
10259779584
 4345901056
 4344852480
      11.68
          0
          0
  177483776
    1998848
    1073152
10261241856
 4345901056
 4344852480
      24.55
          0
          0
  177487872
    1998848
    1073152
10261286912
 4345901056
 4344852480
       6.62
          0
          0
  177487872
    1998848
    1073152
10261286912
 4345901056
 4344852480
      12.86
          0
          0
  177451008
    1998848
    1073152
10260238336
 4345901056
 4344852480
       9.36
          0
          0
  177451008
    1998848
    1073152
10260238336
 4345901056
 4344852480
       1.17
          0
          0
  177451008
    1998848
    1073152
10260238336
 4345901056
 4344852480
       8.96
          0
          0
  177451008
    1998848
    1073152
10260238336
 4345901056
 4344852480
       5.46
          0
          0
  176128000
    1998848
    1073152
10258870272
 4345901056
 4344852480
       3.90
          0
          0
  176128000
    1998848
    1073152
10258870272
 4345901056
 4344852480
       5.45
          0
          0
  176128000
    1998848
    1073152
10258870272
 4345901056
 4344852480
       8.18
          0
          0
  176128000
    1998848
    1073152
10258870272
 4345901056
 4344852480
       5.06
          0
          0
  176128000
    1998848
    1073152
10258870272
 4345901056
 4344852480
       3.51
          0
          0
  176128000
    1998848
    1073152
10258870272
 4345901056
 4344852480
       9.34
          0
          0
  180760576
    1998848
    1073152
10258870272
 4345901056
 4344852480
       2.73
          0
          0
  176128000
    1998848
    1073152
10258870272
 4345901056
 4344852480
       7.38
          0
          0
  176128000
    1998848
    1073152
10258870272
 4345901056
 4344852480
       9.74
          0
          0
  176128000
    1998848
    1073152
10258870272
 4345901056
 4344852480
       2.34
          0
          0
  176128000
    1998848
    1073152
10258870272
 4345901056
 4344852480
       3.88
          0
          0
  176128000
    1998848
    1073152
10258870272
 4345901056
 4344852480
       8.57
          0
          0
  176128000
    1998848
    1073152
10258870272
 4345901056
 4344852480
       8.96
          0
          0
  176128000
    1998848
    1073152
10258870272
 4345901056
 4344852480
       8.96
          0
          0
  176128000
    1998848
    1073152
10258870272
 4345901056
 4344852480
       5.06
          0
          0
  176128000
    1998848
    1073152
10258870272
 4345901056
 4344852480
       3.51
          0
          0
  176128000
    1998848
    1073152
10258870272
 4345901056
 4344852480
       3.50
          0
          0
  176128000
    1998848
    1073152
10258870272
 4345901056
 4344852480
       8.18
          0
          0
  176128000
    1998848
    1073152
10258870272
 4345901056
 4344852480
       5.85
          0
          0
  176128000
    1998848
    1073152
10258870272
 4345901056
 4344852480
       2.33
          0
          0
  176128000
    1998848
    1073152
10258870272
 4345901056
 4344852480
       3.12
          0
          0
  176128000
    1998848
    1073152
10258870272
 4345901056
 4344852480
       5.45
          0
          0
  176328704
    1998848
    1073152
10258870272
 4345901056
 4344852480
       3.51
          0
          0
  176328704
    1998848
    1073152
10258870272
 4345901056
 4344852480
       7.79
          0
          0
  176328704
    1998848
    1073152
10258870272
 4345901056
 4344852480
       1.56
          0
          0
  176328704
    1998848
    1073152
10258870272
 4345901056
 4344852480
       8.18
          0
          0
  176328704
    1998848
    1073152
10258870272
 4345901056
 4344852480
       3.12
          0
          0
  180961280
    1998848
    1073152
